1 1834
4 4589
6 5780
1 1532
2 1493
7 8732
1 1373
2 1741
1 2086
1 341
2 1611
3 1593
5 7111
2 1532
6 6022
4 4937
1 1285
4 4333
6 5505
4 3395
1 1369
2 3340
1 1324
1 1676
2 1994
2 2441
2 3261
2 1539
1 1408
5 5472
1 1449
2 1313
1 1476
1 3090
1 1402
3 2651
6 6594
2 2790
1 1538
3 5233
2 3107
5 2998
2 5234
3 5261
1 1793
6 5897
2 1341
6 5141
1 1887
3 3685
1 1701
2 1394
3 1449
7 4262
1 1765
2 3911
2 2212
2 3641
1 1427
12 8751
5 4862
2 2912
2 2675
1 1453
4 4634
1 1367
2 1697
5 4433
1 1454
1 1563
2 2824
11 6051
2 1554
1 1641
1 1977
1 375
1 1429
2 1931
3 5761
1 1459
8 4050
2 1675
2 1409
2 1680
3 2666
3 2851
1 1260
3 2837
2 1820
1 1505
1 1429
4 4321
1 1983
4 5998
5 4910
2 2232
1 1361
3 2492
9 6093
1 2309
