1 145
4 166
6 291
1 90
2 88
7 473
1 75
2 108
1 145
1 49
2 148
3 151
5 394
2 89
6 265
4 221
1 68
4 242
6 284
4 504
1 80
2 215
1 72
1 114
2 133
2 120
2 196
2 163
1 83
5 304
1 84
2 74
1 86
1 253
1 77
2 102
6 351
2 158
1 100
3 328
2 186
5 186
2 419
3 337
1 117
6 244
2 81
6 251
1 156
3 255
1 106
2 140
3 119
7 294
1 116
2 277
2 100
2 288
1 83
11 514
5 262
2 177
2 147
1 87
4 276
1 83
2 179
5 259
1 91
1 90
2 92
11 311
2 96
1 137
1 130
1 47
1 83
2 111
3 442
1 84
8 317
2 158
2 83
2 195
3 215
3 243
1 66
3 196
2 116
1 108
1 88
4 241
1 138
4 338
5 413
2 138
1 68
3 130
8 255
1 174
