693658 8101
359217 34706
2682843 103000
2147483647 3104
447111 56471
1212833 138274
2147483647 80
430093 3093
7749333 186405
41802722 36937
5093676 45132
40914 33957
88185 121769
15652178 218561
117284 370244
159355 14407
747313 4653
72184 13094
191365 47639
85525 31502
645968 204013
1700431 2764
193776 7453
31635 18561
237277 57859
39632 30292
2147483647 24414
2147483647 842
248416 16288
65052 10200
248791 116796
2184588 35310
358631 34982
6389111 35295
1844003 33345
9551 22975
589824 96010
412953 283608
5648 61873
248426 141203
627053 189024
359686 15642
1021743 128910
38055 39471
299269836 334268
57937 84400
1447184 156904
462813 81261
35208 121099
1113807204 559937
162687 6849
180363 47282
138160 17552
177268 28816
128921 372397
671492 237933
2147483647 118075
276666 211157
2147483647 1263
16592 36665
73549 2859
221310 75295
62235 123930
150988 68720
54186 20818
55504 2128
2147483647 42083
2147483647 4581
180600 148771
592106 8148
67880 17186
20008 8472
313036 76648
4970916 485147
2147483647 16944
82825 21127
34328 6219
16736 13339
56796 6277
415240 95015
123568 8134
1049530 261985
9723 2811
73634 171163
2147483647 66758
8043070 506405
29248 10259
254415 531513
250153 49415
29288095 42221
118861 11329
1395828 156124
126669 136299
2147483647 806
1145494 25943
151105 27295
135578 12737
19648 14333
1864658 34861
72574 29442
