693658 1089
359217 6767
2682843 10851
1000000000000000000 566
447111 6939
1212833 13435
1000000000000000000 51
430093 367
7749333 15728
41802722 4600
5093676 3865
40914 3215
88185 14391
15652178 27046
117284 32881
159355 2930
747313 217
72184 1201
191365 6849
85525 5625
645968 22402
1700431 306
193776 858
31635 4168
237277 8618
39632 5911
1000000000000000000 4271
1000000000000000000 122
248416 3986
65052 1797
248791 9986
2184588 4396
358631 5447
6389111 3001
1844003 3359
9551 4268
589824 10732
412953 30905
5648 6040
248426 15455
627053 16178
359686 2601
1021743 12719
38055 3947
299269836 31832
57937 9195
1447184 16871
462813 6832
35208 13629
1113807204 52156
162687 1440
180363 7218
138160 3511
177268 2052
128921 35319
671492 17751
1000000000000000000 17860
276666 20993
1000000000000000000 258
16592 4038
73549 362
221310 9186
62235 9004
150988 10728
54186 4614
55504 140
1000000000000000000 7151
1000000000000000000 829
180600 13599
592106 1400
67880 1713
20008 1835
313036 8036
4970916 51440
1000000000000000000 2935
82825 1407
34328 560
16736 3203
56796 1004
415240 8316
123568 2056
1049530 17976
9723 289
73634 12460
1000000000000000000 10879
8043070 44066
29248 1286
254415 53500
250153 6012
29288095 5656
118861 1066
1395828 11728
126669 13045
1000000000000000000 184
1145494 4853
151105 2532
135578 2563
19648 1228
1864658 5182
72574 2724
